5 0.6494897959183672 0.39642857142857146 0.02448979591836735 0.03571428571428572
5 0.42551020408163265 0.6188775510204082 0.01326530612244892 0.02551020408163265
5 0.13979591836734692 0.5494897959183674 0.019387755102040813 0.023469387755102048
6 0.3392857142857143 0.4637755102040817 0.02653061224489795 0.03367346938775512
6 0.6943877551020408 0.6372448979591836 0.016326530612244938 0.021428571428571446
4 0.7086734693877551 0.2938775510204082 0.0530612244897959 0.10612244897959183
7 0.2872448979591837 0.325 0.06122448979591843 0.13571428571428573
4 0.1739795918367347 0.4897959183673469 0.038775510204081626 0.07755102040816325
4 0.45561224489795915 0.5627551020408164 0.046938775510204096 0.07653061224489795
7 0.6586734693877551 0.6005102040816327 0.03877551020408168 0.06428571428571422
9 0.33571428571428574 0.5790816326530612 0.03163265306122446 0.04591836734693879
8 0.6433673469387754 0.48673469387755103 0.034693877551020366 0.044897959183673494
4 0.3857142857142858 0.3076530612244898 0.05 0.10714285714285714