6 0.27045454545454545 0.4363636363636364 0.03484848484848476 0.04545454545454544
5 0.34545454545454546 0.4318181818181818 0.030303030303030255 0.0484848484848485
5 0.5946969696969696 0.4287878787878788 0.03484848484848476 0.04848484848484844
1 0.3172268907563025 0.5462184873949579 0.051260504201680705 0.03865546218487395
1 0.5495798319327732 0.5369747899159665 0.04537815126050418 0.03361344537815125
7 0.5147058823529412 0.3121848739495799 0.0630252100840337 0.08823529411764708
4 0.6411764705882353 0.3100840336134454 0.048739495798319356 0.10924369747899164
7 0.21428571428571427 0.34663865546218486 0.05378151260504203 0.08655462184873955
3 0.5752100840336134 0.42773109243697477 0.18403361344537814 0.3428571428571429
3 0.29327731092436976 0.4840336134453782 0.25882352941176473 0.48403361344537815
5 0.5222689075630252 0.4298319327731093 0.021008403361344505 0.0361344537815126
8 0.5852941176470587 0.5399159663865546 0.042857142857142774 0.04789915966386559