6 0.4333333333333333 0.37878787878787873 0.02424242424242425 0.03636363636363632
5 0.4727272727272727 0.37878787878787873 0.018181818181818243 0.03030303030303031
6 0.7477272727272729 0.5007575757575757 0.02575757575757575 0.034848484848484816
1 0.7742424242424243 0.5727272727272728 0.033333333333333486 0.03030303030303037
1 0.46060606060606063 0.45378787878787874 0.033333333333333375 0.03787878787878787
7 0.7075757575757575 0.428030303030303 0.0484848484848485 0.07727272727272731
4 0.7848484848484849 0.42424242424242425 0.04242424242424227 0.06969696969696969
3 0.7446969696969696 0.5 0.12272727272727275 0.22424242424242424
3 0.4196969696969697 0.40757575757575765 0.1575757575757575 0.3272727272727273
0 0.31969696969696965 0.49393939393939396 0.36060606060606054 0.5393939393939394
0 0.5636363636363636 0.6583333333333332 0.4848484848484848 0.5348484848484849