4 0.25 0.37058823529411766 0.06134453781512605 0.11092436974789917
5 0.19789915966386556 0.42310924369747904 0.027731092436974792 0.02268907563025209
6 0.14873949579831933 0.41596638655462187 0.016806722689075626 0.026890756302521027
8 0.1823529411764706 0.5004201680672269 0.03361344537815128 0.031092436974789906
7 0.25 0.48949579831932777 0.06974789915966388 0.1050420168067227
4 0.3798319327731093 0.492436974789916 0.06218487394957981 0.12436974789915968
6 0.2781512605042017 0.5487394957983194 0.025210084033613443 0.03361344537815125
5 0.334453781512605 0.5554621848739496 0.03025210084033614 0.030252100840336197
1 0.2987394957983194 0.6285714285714287 0.031092436974789906 0.030252100840336082
8 0.32226890756302523 0.6428571428571429 0.029411764705882377 0.03529411764705878
3 0.3147058823529412 0.5613445378151262 0.19579831932773112 0.2605042016806723
5 0.5331932773109244 0.42731092436974794 0.03445378151260502 0.026050420168067263
8 0.49327731092436977 0.526890756302521 0.04537815126050418 0.04369747899159666
7 0.36092436974789915 0.13445378151260504 0.06470588235294115 0.11428571428571428
4 0.48445378151260504 0.12394957983193278 0.06302521008403363 0.11176470588235296
6 0.4016806722689076 0.20378151260504201 0.03193277310924372 0.03445378151260502
5 0.45924369747899163 0.20294117647058824 0.024369747899159678 0.03277310924369746
1 0.4331932773109244 0.28109243697478997 0.031092436974789906 0.026050420168067204
9 0.4138655462184875 0.2899159663865546 0.029411764705882377 0.03529411764705884
8 0.45420168067226896 0.28991596638655465 0.026050420168067263 0.03865546218487395
3 0.423109243697479 0.20252100840336135 0.18739495798319325 0.2672268907563025
7 0.5764705882352942 0.14705882352941177 0.06218487394957992 0.11428571428571428
4 0.707983193277311 0.1285714285714286 0.06806722689075627 0.1361344537815126
6 0.6222689075630253 0.20714285714285716 0.027731092436974792 0.026050420168067235
5 0.6794117647058824 0.20210084033613446 0.024369747899159733 0.027731092436974792
1 0.6533613445378151 0.27899159663865547 0.036134453781512546 0.028571428571428557
8 0.676890756302521 0.2907563025210084 0.02268907563025209 0.03697478991596643
3 0.6445378151260505 0.19873949579831932 0.19663865546218484 0.2747899159663866
5 0.9436974789915966 0.8281512605042016 0.04537815126050418 0.04453781512605042