6 0.4348484848484849 0.3515151515151515 0.033333333333333375 0.02727272727272725
3 0.4318181818181819 0.37272727272727274 0.1666666666666668 0.3484848484848485
7 0.7590909090909091 0.43257575757575756 0.030303030303030255 0.053030303030303004
4 0.8530303030303031 0.45606060606060606 0.03636363636363626 0.07878787878787875
1 0.8022727272727272 0.5856060606060605 0.03787878787878799 0.03181818181818187
3 0.8083333333333333 0.5265151515151515 0.12878787878787876 0.24393939393939393
0 0.29832061152061146 0.5777878787878787 0.5693684957684957 0.8404242424242424
0 0.8477272727272728 0.6553030303030303 0.2924242424242425 0.4984848484848484
0 0.9065757575757576 0.38036485826001953 0.18284848484848476 0.16072971652003912
7 0.9481132075471699 0.31855345911949684 0.019496855345911966 0.025786163522012545
4 0.9883647798742138 0.3169811320754717 0.01823899371069183 0.03144654088050311