6 0.3416666666666667 0.21363636363636362 0.028787878787878755 0.03333333333333334
5 0.4015151515151515 0.2196969696969697 0.03030303030303037 0.03333333333333334
7 0.3053030303030303 0.13787878787878788 0.056060606060606005 0.0787878787878788
4 0.42803030303030304 0.13712121212121212 0.05 0.07727272727272727
1 0.3712121212121212 0.3075757575757576 0.042424242424242496 0.03333333333333331
9 0.34469696969696967 0.3174242424242424 0.03181818181818176 0.04393939393939394
6 0.41363636363636364 0.531060606060606 0.024242424242424135 0.028787878787878866
5 0.45 0.531060606060606 0.021212121212121134 0.02272727272727275
7 0.38712121212121214 0.46893939393939393 0.03484848484848487 0.05
4 0.47121212121212125 0.46742424242424235 0.03939393939393938 0.04393939393939394
6 0.5689393939393939 0.5613636363636364 0.02575757575757575 0.028787878787878755
5 0.6 0.5583333333333332 0.01212121212121201 0.022727272727272634
7 0.5371212121212121 0.5068181818181817 0.03484848484848476 0.04393939393939394
3 0.571969696969697 0.5598484848484848 0.1015151515151515 0.15000000000000005
3 0.4310606060606061 0.5303030303030303 0.12272727272727275 0.1757575757575757
3 0.36515151515151517 0.24015151515151514 0.17575757575757575 0.2833333333333333