6 0.3348484848484849 0.19393939393939394 0.03939393939393938 0.036363636363636376
7 0.2818181818181818 0.08712121212121213 0.06666666666666675 0.11060606060606062
5 0.4083333333333333 0.19696969696969696 0.028787878787878755 0.03939393939393938
1 0.37196969696969695 0.3151515151515151 0.053030303030303004 0.04848484848484844
7 0.4204545454545454 0.04621212121212121 0.056060606060606005 0.07727272727272727
4 0.5712121212121213 0.06818181818181818 0.05757575757575751 0.09090909090909091
6 0.4666666666666666 0.17045454545454544 0.033333333333333375 0.04090909090909091
5 0.5416666666666666 0.18181818181818182 0.03181818181818176 0.039393939393939405
4 0.5204545454545455 0.48333333333333334 0.06212121212121207 0.06969696969696963
5 0.4386363636363636 0.44242424242424244 0.03787878787878787 0.036363636363636376
1 0.5053030303030303 0.2871212121212121 0.05606060606060595 0.05
4 0.4446969696969697 0.09393939393939393 0.059090909090909007 0.09393939393939393
3 0.36212121212121207 0.21893939393939393 0.22727272727272727 0.37424242424242427
3 0.496969696969697 0.1946969696969697 0.21212121212121207 0.37727272727272726
8 0.3969696969696969 0.4863636363636364 0.03333333333333326 0.03333333333333331