5 0.2689393939393939 0.4818181818181818 0.06212121212121201 0.0454545454545455
6 0.16666666666666666 0.44621212121212117 0.03636363636363632 0.053030303030303004
4 0.34924242424242424 0.35530303030303023 0.08333333333333337 0.15909090909090906
1 0.18484848484848482 0.6015151515151514 0.07878787878787875 0.07575757575757575
7 0.12803030303030305 0.36287878787878786 0.07121212121212124 0.1015151515151515
8 0.225 0.628030303030303 0.06515151515151513 0.07727272727272726
9 0.14772727272727273 0.6106060606060606 0.03484848484848487 0.07878787878787875
7 0.5174242424242425 0.3545454545454545 0.05303030303030306 0.10606060606060606
4 0.6454545454545455 0.35227272727272724 0.0454545454545455 0.10757575757575756
6 0.5636363636363636 0.4083333333333333 0.030303030303030255 0.03484848484848487
5 0.6098484848484849 0.4075757575757576 0.02272727272727275 0.033333333333333375
1 0.5878787878787879 0.4689393939393939 0.03333333333333326 0.031818181818181815
3 0.5803030303030303 0.4083333333333333 0.1787878787878788 0.21969696969696964
3 0.24242424242424243 0.4954545454545454 0.3 0.4393939393939394