1 0.8990740740740739 0.28194444444444444 0.04166666666666663 0.03796296296296299
5 0.6458333333333333 0.17638888888888887 0.020370370370370438 0.025
6 0.5902777777777777 0.18287037037037035 0.02222222222222217 0.028703703703703697
1 0.611111111111111 0.2587962962962963 0.04351851851851859 0.03796296296296296
1 0.37824074074074077 0.31018518518518523 0.038888888888888855 0.027777777777777773
6 0.3550925925925926 0.2222222222222222 0.02222222222222223 0.031481481481481464
5 0.4027777777777778 0.21944444444444444 0.021296296296296306 0.02962962962962962
4 0.42546296296296293 0.14814814814814814 0.03888888888888892 0.09259259259259259
4 0.16666666666666669 0.07870370370370369 0.036111111111111115 0.0851851851851852
7 0.08287037037037036 0.0810185185185185 0.04074074074074075 0.0824074074074074
6 0.10648148148148147 0.14074074074074072 0.01759259259259258 0.033333333333333326
5 0.1449074074074074 0.14305555555555555 0.02037037037037035 0.03240740740740739
1 0.12407407407407407 0.2175925925925926 0.02870370370370371 0.025925925925925925
4 0.6851851851851851 0.11527777777777777 0.03981481481481478 0.09166666666666667
7 0.5629629629629628 0.12083333333333332 0.037962962962962934 0.07314814814814814
3 0.624537037037037 0.23194444444444443 0.16296296296296306 0.4194444444444444
3 0.12453703703703704 0.15509259259259262 0.12407407407407409 0.23425925925925928
7 0.3300925925925926 0.15324074074074073 0.0444444444444444 0.08981481481481479
3 0.37731481481481477 0.2509259259259259 0.13888888888888887 0.34259259259259256