0 0.16060606060606059 0.21515151515151515 0.20303030303030295 0.20606060606060606
0 0.6416666666666666 0.19015151515151515 0.21060606060606074 0.14393939393939395
0 0.37272727272727274 0.21893939393939393 0.19393939393939388 0.1984848484848485
0 0.16893939393939394 0.47878787878787876 0.2015151515151515 0.203030303030303
0 0.38181818181818183 0.48030303030303023 0.1575757575757575 0.20303030303030295
0 0.14848484848484847 0.753030303030303 0.19999999999999996 0.1606060606060605
0 0.3765151515151515 0.7537878787878788 0.21363636363636362 0.15303030303030302
0 0.8727272727272728 0.18712121212121213 0.22424242424242402 0.15303030303030304
0 0.8636363636363636 0.40984848484848485 0.23333333333333325 0.1651515151515152
0 0.8719696969696968 0.6462121212121212 0.22575757575757574 0.18030303030303038
0 0.8818181818181818 0.8848484848484849 0.19393939393939377 0.17575757575757575
0 0.6537878787878788 0.8916666666666666 0.237878787878788 0.146969696969697
0 0.6386363636363637 0.6446969696969698 0.21363636363636374 0.18333333333333338
0 0.6348484848484849 0.4083333333333333 0.20606060606060622 0.16515151515151513