5 0.27045454545454545 0.10984848484848485 0.03181818181818176 0.031818181818181815
4 0.31742424242424244 0.0659090909090909 0.04393939393939399 0.06515151515151515
6 0.21742424242424244 0.10757575757575756 0.02575757575757575 0.024242424242424235
4 0.10530303030303031 0.32575757575757575 0.06515151515151513 0.07272727272727275
3 0.2651515151515152 0.1462121212121212 0.1515151515151515 0.2318181818181818
8 0.2606060606060606 0.18181818181818182 0.036363636363636376 0.030303030303030283
4 0.2992330133634481 0.5497129681912291 0.049981178242047744 0.07821381517033683
6 0.23478260869565215 0.5900621118012422 0.017391304347826122 0.019875776397515553
5 0.2683229813664596 0.5900621118012422 0.019875776397515553 0.019875776397515553
1 0.2478260869565217 0.6347826086956522 0.023602484472049667 0.022360248447204866
6 0.38695652173913037 0.6204968944099378 0.016149068322981294 0.016149068322981408
5 0.40993788819875765 0.6217391304347825 0.019875776397515553 0.018633540372670836
5 0.3739130434782608 0.7130434782608696 0.02236024844720498 0.02236024844720498
7 0.477639751552795 0.5024844720496894 0.04347826086956513 0.060869565217391314
8 0.3701863354037267 0.7677018633540372 0.02981366459627327 0.03478260869565213
4 0.41677018633540364 0.6670807453416149 0.05341614906832297 0.0720496894409938
7 0.4304347826086956 0.5826086956521739 0.04596273291925468 0.06708074534161483
4 0.5217391304347825 0.5956521739130435 0.039751552795031106 0.06832298136645966
6 0.4534161490683229 0.6161490683229813 0.019875776397515553 0.02236024844720498
5 0.48695652173913034 0.6161490683229813 0.019875776397515553 0.02484472049689441
6 0.6409937888198757 0.6142857142857142 0.01987577639751544 0.026086956521739126
5 0.6751552795031055 0.6180124223602483 0.026086956521739126 0.026086956521739126
7 0.6248447204968943 0.570807453416149 0.042236024844720534 0.0708074534161491
4 0.7049689440993788 0.5689440993788819 0.04596273291925456 0.07453416149068323
7 0.7546583850931676 0.8180124223602484 0.040993788819875705 0.0807453416149068
4 0.8459627329192546 0.8236024844720495 0.042236024844720534 0.08695652173913038
6 0.7751552795031055 0.862111801242236 0.019875776397515553 0.027329192546583954
5 0.81055900621118 0.8633540372670807 0.023602484472049694 0.02732919254658384
3 0.6652173913043478 0.6211180124223602 0.1279503105590062 0.1763975155279503
7 0.2217391304347826 0.5521739130434783 0.043478260869565244 0.058385093167701824
3 0.262111801242236 0.5975155279503106 0.12670807453416139 0.17142857142857146
3 0.38633540372670805 0.717391304347826 0.11428571428571423 0.17267080745341615
3 0.8006211180124223 0.8757763975155278 0.13291925465838506 0.19627329192546575