6 0.2204545454545455 0.2863636363636364 0.03787878787878787 0.03030303030303031
7 0.15681818181818183 0.27272727272727276 0.06212121212121218 0.10303030303030303
5 0.2765151515151515 0.2696969696969697 0.022727272727272634 0.02424242424242425
9 0.25606060606060604 0.38106060606060604 0.0515151515151515 0.08333333333333337
1 0.27651515151515155 0.3234848484848485 0.05 0.03787878787878787
3 0.22045454545454546 0.32727272727272727 0.18939393939393942 0.25757575757575757
6 0.46969696969696967 0.3909090909090909 0.03333333333333326 0.03030303030303031
7 0.41893939393939394 0.3696969696969697 0.06515151515151524 0.103030303030303
5 0.5151515151515151 0.36590909090909085 0.018181818181818188 0.034848484848484816
9 0.5 0.4818181818181818 0.03939393939393943 0.05757575757575762
1 0.5166666666666666 0.44242424242424244 0.03939393939393932 0.036363636363636376
3 0.46818181818181814 0.4022727272727272 0.1636363636363637 0.2621212121212122
6 0.7819444444444443 0.41898148148148145 0.03333333333333326 0.030555555555555544
6 0.6597222222222222 0.5527777777777777 0.01851851851851859 0.018518518518518476
6 0.5930555555555554 0.5828703703703704 0.01666666666666663 0.021296296296296306
5 0.6208333333333332 0.5824074074074074 0.012962962962963048 0.020370370370370438
5 0.6842592592592591 0.549074074074074 0.010185185185185104 0.024074074074074133
5 0.8314814814814813 0.40509259259259256 0.015740740740740763 0.028703703703703697
9 0.8162037037037037 0.5439814814814815 0.04444444444444446 0.07685185185185185
7 0.5648148148148148 0.5412037037037037 0.03981481481481489 0.0712962962962963
4 0.6305555555555554 0.5337962962962963 0.03425925925925924 0.07314814814814816
3 0.597685185185185 0.5763888888888888 0.10185185185185185 0.16018518518518515
7 0.7124999999999999 0.3694444444444444 0.07037037037037044 0.10925925925925924
3 0.7800925925925923 0.45 0.20555555555555555 0.37592592592592594